747, 16
354, 748
29, 805
480, 119
685, 393
376, 146
735, 916
321, 623
363, 643
360, 266
95, 167
802, 119
147, 169
488, 194
540, 154
8, 750
140, 841
428, 793
156, 996
976, 569
426, 703
948, 128
477, 567
182, 79
203, 707
186, 170
130, 392
563, 902
953, 129
852, 652
973, 163
158, 596
968, 252
617, 885
264, 456
713, 804
803, 862
575, 310
475, 876
557, 2
611, 157
894, 415
856, 397
13, 373
395, 375
535, 15
115, 296
201, 604
34, 586
389, 101
501, 691
551, 120
492, 926
348, 721
811, 483
312, 382
224, 412
199, 783
267, 247
126, 337
534, 156
103, 848
237, 35
423, 484
281, 866
437, 982
357, 682
124, 834
668, 671
787, 282
669, 479
217, 891
157, 768
654, 217
173, 829
78, 373
985, 702
180, 738
240, 76
822, 179
682, 60
166, 261
602, 939
771, 388
646, 938
486, 708
144, 833
439, 873
25, 577
727, 412
826, 116
457, 847
145, 20
547, 892
835, 616
649, 224
35, 958
983, 838
614, 657
238, 871
943, 599
572, 265
454, 326
620, 631
300, 416
588, 123
757, 105
646, 183
208, 472
374, 508
936, 836
87, 618
549, 158
429, 727
883, 372
778, 374
156, 180
186, 452
801, 495
810, 508
101, 25
518, 766
276, 326
211, 710
414, 532
494, 611
90, 974
427, 683
443, 135
579, 135
267, 452
662, 85
724, 771
206, 909
260, 632
13, 816
351, 795
313, 157
222, 186
558, 129
927, 606
749, 285
919, 804
889, 472
597, 828
61, 536
50, 308
980, 618
506, 77
540, 5
128, 695
96, 956
45, 167
11, 806
226, 600
70, 238
447, 978
583, 880
509, 562
131, 634
212, 467
426, 669
722, 873
110, 728
948, 566
873, 257
210, 425
954, 569
514, 751
570, 718
369, 56
701, 888
954, 415
975, 208
123, 114
482, 680
455, 447
502, 951
953, 617
351, 35
450, 397
315, 592
361, 911
648, 348
741, 895
221, 704
869, 570
304, 61
380, 797
266, 78
336, 100
963, 726
738, 99
433, 254
612, 425
925, 380
590, 924
629, 151
231, 925
535, 69
695, 901
173, 181
478, 661
269, 398
203, 769
440, 541
264, 622
53, 921
802, 877
24, 441
83, 37
278, 236
486, 676
332, 224
786, 79
249, 770
617, 783
416, 179
148, 463
10, 173
613, 997
359, 962
276, 357
860, 748
407, 102
640, 494
724, 407
472, 652
350, 214
108, 897
177, 623
674, 586
188, 601
892, 181
904, 15
832, 651
485, 621
964, 655
950, 896
103, 475
165, 476
417, 206
162, 447
794, 412
419, 168
689, 382
868, 352
245, 790
334, 775
874, 152
771, 202
331, 997
230, 638
729, 194
669, 652
799, 156
666, 169
381, 557
534, 338
631, 275
847, 310
321, 129
888, 479
229, 502
246, 553
242, 385
445, 61
521, 245
784, 56
373, 342
513, 340
967, 981
244, 532
686, 40
178, 177
595, 777
210, 328
252, 597
940, 426
71, 619
811, 55
442, 618
71, 211
146, 583
453, 186
667, 596
387, 262
720, 489
715, 93
440, 43
546, 613
69, 463
255, 367
654, 641
620, 43
573, 638
450, 634
142, 868
723, 185
305, 502
621, 328
179, 100
94, 187
509, 291
379, 538
830, 641
180, 491
266, 732
575, 752
850, 918
782, 495
957, 190
352, 79
652, 626
973, 815
327, 736
221, 196
170, 288
65, 844
152, 544
847, 27
736, 195
663, 417
301, 538
271, 885
251, 286
664, 742
583, 557
636, 736
733, 889
415, 907
746, 170
520, 584
423, 117
100, 371
434, 31
142, 115
863, 234
722, 893
101, 716
881, 570
315, 278
237, 596
565, 260
4, 427
361, 206
575, 211
996, 776
803, 47
239, 900
129, 262
433, 265
653, 369
299, 195
885, 839
335, 155
775, 440
599, 234
339, 978
404, 428
148, 78
862, 926
189, 238
481, 269
97, 894
164, 658
459, 615
632, 943
364, 748
214, 990
206, 633
14, 141
822, 373
688, 489
305, 206
304, 632
291, 282
662, 53
5, 779
111, 303
852, 693
249, 548
387, 459
112, 988
191, 655
79, 498
513, 202
224, 73
737, 275
739, 419
842, 699
816, 564
66, 866
846, 687
268, 28
398, 631
283, 82
837, 666
31, 972
850, 483
58, 370
363, 410
617, 613
876, 980
749, 501
720, 734
380, 889
48, 988
968, 247
884, 462
177, 831
4, 455
729, 440
688, 376
211, 599
192, 204
133, 244
729, 105
900, 829
83, 600
434, 610
691, 992
892, 279
720, 864
303, 491
720, 732
407, 549
127, 272
322, 71
650, 186
887, 229
753, 118
683, 687
471, 355
271, 372
68, 707
811, 52
160, 946
206, 444
299, 200
298, 431
822, 566
401, 194
320, 99
635, 430
474, 531
915, 913
896, 524
245, 843
707, 597
864, 931
605, 621
700, 646
297, 15
87, 793
518, 305
588, 968
295, 237
590, 124
719, 423
902, 901
455, 460
24, 765
19, 771
380, 138
333, 659
310, 90
494, 223
656, 481
985, 195
156, 227
475, 974
981, 216
243, 273
510, 175
705, 700
7, 569
324, 975
883, 226
660, 990
426, 750
790, 641
751, 795
633, 76
320, 249
51, 601
611, 916
174, 972
108, 242
870, 660
635, 416
236, 788
104, 324
81, 926
77, 726
56, 385
497, 356
870, 813
537, 196
584, 253
788, 391
157, 737
908, 38
773, 541
97, 620
899, 189
566, 974
908, 528
71, 100
628, 153
765, 691
186, 21
487, 725
110, 152
992, 213
797, 726
969, 578
440, 56
113, 81
277, 301
121, 117
15, 795
575, 181
178, 328
801, 216
431, 843
147, 629
993, 659
518, 738
160, 896
173, 649
463, 794
480, 942
731, 892
948, 47
219, 441
383, 202
679, 266
206, 774
996, 344
332, 248
114, 169
692, 942
120, 876
761, 409
518, 173
405, 527
950, 134
814, 585
816, 366
105, 532
151, 891
178, 962
751, 447
851, 764
588, 654
882, 76
526, 650
29, 13
56, 722
946, 420
718, 516
400, 748
357, 947
430, 803
445, 455
490, 913
646, 393
901, 342
499, 634
996, 710
8, 949
860, 166
739, 160
988, 26
293, 416
215, 463
152, 776
447, 726
182, 115
335, 275
704, 863
709, 745
17, 822
280, 107
288, 599
463, 772
992, 279
348, 687
477, 896
804, 970
166, 890
892, 532
905, 17
361, 902
924, 910
322, 152
503, 282
678, 160
661, 59
572, 448
509, 887
393, 953
546, 677
657, 456
527, 553
639, 12
437, 929
298, 239
727, 688
720, 201
139, 406
123, 17
407, 428
606, 64
652, 400
850, 192
184, 269
655, 422
905, 342
185, 967
594, 891
641, 786
185, 960
702, 204
24, 904
109, 193
579, 493
473, 16
33, 997
104, 325
486, 457
720, 711
239, 525
77, 963
856, 16
356, 792
15, 617
878, 763
427, 938
208, 838
982, 594
683, 977
541, 415
648, 533
291, 292
65, 4
466, 215
637, 530
75, 335
738, 984
916, 756
991, 341
145, 20
279, 825
326, 199
112, 738
887, 573
795, 440
94, 274
841, 178
127, 186
291, 547
21, 379
172, 574
765, 254
448, 944
452, 303
55, 517
949, 308
185, 245
89, 379
